19,Aleksy,Pawlak,139112,5.0,3.0,2.0,7.0,2.0,19.0
17,Alan,Tomaszewski,155981,8.0,4.0,6.5,3.0,2.0,23.5
11,Ryszard,Witkowski,179304,2.5,2.5,2.5,2.5,2.5,12.5
12,Miron,Kubiak,249238,4.0,8.0,3.0,8.0,3.0,26.0
4,Eustachy,Maciejewski,289821,1.0,1.0,1.0,1.0,1.0,5.0
20,Cyprian,Sadowska,333187,7.0,3.0,6.0,4.0,2.0,22.0
15,Andrzej,Pawlak,443768,7.0,4.0,6.0,3.0,13.0,33.0
13,Jerzy,Wojcik,516555,7.0,3.0,6.0,2.0,4.0,22.0
8,Alojzy,Wojciechowski,534253,3.0,5.0,9.0,13.0,14.0,44.0
6,Gustaw,Kowalczyk,581577,4.0,5.0,6.0,11.5,11.5,38.0
2,Aleksander,Kazmierczak,613499,2.0,2.0,2.0,2.0,2.0,10.0
10,Allan,Sokolowski,655326,4.0,4.0,4.0,4.0,4.0,20.0
1,Kryspin,Czarnecki,879676,7.0,7.0,7.0,11.0,11.0,43.0
14,Robert,Lewandowski,940364,3.0,7.0,3.0,9.0,12.0,34.0
7,Korneliusz,Pietrzak,940374,2.0,3.0,4.0,5.0,6.0,20.0
5,Arkadiusz,Mroz,940458,9.0,9.0,9.0,14.0,14.0,55.0
16,Dariusz,Duda,951628,4.0,2.0,6.0,11.0,10.0,33.0
3,Michal,Adamska,984297,1.5,1.5,1.5,1.5,1.5,7.5
9,Rafal,Kaczmarczyk,994926,3.0,3.0,3.0,3.0,3.0,15.0
18,Olaf,Kaminski,999247,8.0,4.0,5.0,3.0,12.0,32.0